Particle	Mass	Spin	B	S	Q
pi+	139.57	0	0	0	1
pi-	139.57	0	0	0	-1
pi0	134.976	0	0	0	0
eta	547.86	0	0	0	0
f0	500	0	0	0	0
rho+	770	1	0	0	1
rho-	770	1	0	0	-1
rho0	770	1	0	0	0
omega	782	1	0	0	0
eta1	958	0	0	0	0
f0	980	0	0	0	0
a0+	980	0	0	0	1
a0-	980	0	0	0	-1
a00	980	0	0	0	0
phi	1020	1	0	0	0
h1	1170	1	0	0	0
b1+	1235	1	0	0	1
b1-	1235	1	0	0	-1
b10	1235	1	0	0	0
a1+	1260	1	0	0	1
a1-	1260	1	0	0	-1
a10	1260	1	0	0	0
f2	1270	2	0	0	0
f1	1285	1	0	0	0
eta	1295	0	0	0	0
pi+	1300	0	0	0	1
pi-	1300	0	0	0	-1
pi0	1300	0	0	0	0
a2+	1320	2	0	0	1
a2-	1320	2	0	0	-1
a20	1320	2	0	0	0
f0	1370	0	0	0	0
pi1+	1400	1	0	0	1
pi1-	1400	1	0	0	-1
pi10	1400	1	0	0	0
eta	1405	0	0	0	0
h1	1415	1	0	0	0
f1	1420	1	0	0	0
omega	1420	1	0	0	0
f2	1430	2	0	0	0
a0+	1450	0	0	0	1
a0-	1450	0	0	0	-1
a00	1450	0	0	0	0
rho+	1450	1	0	0	1
rho-	1450	1	0	0	-1
rho0	1450	1	0	0	0
eta	1475	0	0	0	0
f0	1500	0	0	0	0
f1	1510	1	0	0	0
f2	1525	2	0	0	0
f2	1565	2	0	0	0
rho+	1570	1	0	0	1
rho-	1570	1	0	0	-1
rho0	1570	1	0	0	0
h1	1595	1	0	0	0
pi1+	1600	1	0	0	1
pi1-	1600	1	0	0	-1
pi10	1600	1	0	0	0
a1+	1640	1	0	0	1
a1-	1640	1	0	0	-1
a10	1640	1	0	0	0
f2	1640	2	0	0	0
eta2	1645	2	0	0	0
omega	1650	1	0	0	0
omega3	1670	3	0	0	0
pi2+	1670	2	0	0	1
pi2-	1670	2	0	0	-1
pi20	1670	2	0	0	0
phi	1680	1	0	0	0
rho3+	1690	3	0	0	1
rho3-	1690	3	0	0	-1
rho30	1690	3	0	0	0
rho+	1700	1	0	0	1
rho-	1700	1	0	0	-1
rho0	1700	1	0	0	0
a2+	1700	2	0	0	1
a2-	1700	2	0	0	-1
a20	1700	2	0	0	0
f0	1710	0	0	0	0
eta	1760	0	0	0	0
pi+	1800	0	0	0	1
pi-	1800	0	0	0	-1
pi0	1800	0	0	0	0
f2	1810	2	0	0	0
phi3	1850	3	0	0	0
eta2	1870	2	0	0	0
pi2+	1880	2	0	0	1
pi2-	1880	2	0	0	-1
pi20	1880	2	0	0	0
rho+	1900	1	0	0	1
rho-	1900	1	0	0	-1
rho0	1900	1	0	0	0
f2	1910	2	0	0	0
a0+	1950	0	0	0	1
a0-	1950	0	0	0	-1
a00	1950	0	0	0	0
f2	1950	2	0	0	0
a+	1970	4	0	0	1
a4-	1970	4	0	0	-1
a40	1970	4	0	0	0
rho3+	1990	3	0	0	1
rho3-	1990	3	0	0	-1
rho30	1990	3	0	0	0
pi2+	2005	2	0	0	1
pi2-	2005	2	0	0	-1
pi20	2005	2	0	0	0
f2	2010	2	0	0	0
f0	2020	0	0	0	0
f4	2050	4	0	0	0
pi2+	2100	2	0	0	1
pi2-	2100	2	0	0	-1
pi20	2100	2	0	0	0
f0	2100	0	0	0	0
f2	2150	2	0	0	0
rho+	2150	1	0	0	1
rho-	2150	1	0	0	-1
rho0	2150	1	0	0	0
phi	2170	1	0	0	0
f0	2200	0	0	0	0
eta	2225	0	0	0	0
rho3+	2250	3	0	0	1
rho3-	2250	3	0	0	-1
rho30	2250	3	0	0	0
f2	2300	2	0	0	0
f4	2300	4	0	0	0
f0	2330	0	0	0	0
f2	2340	2	0	0	0
rho5+	2350	5	0	0	1
rho5-	2350	5	0	0	-1
rho50	2350	5	0	0	0
f6	2510	6	0	0	0
k+	494	0	0	1	1
k-	494	0	0	-1	-1
k0	498	0	0	1	0
k0-	498	0	0	-1	0
k0	700	0	0	1	0
k0-	700	0	0	-1	0
k*+	892	1	0	1	1
k*-	892	1	0	-1	-1
k1+	1270	1	0	1	1
k1-	1270	1	0	-1	-1
k1+	1400	1	0	1	1
k1-	1400	1	0	-1	-1
k+	1410	1	0	1	1
k-	1410	1	0	-1	-1
k0	1430	0	0	1	0
k0-	1430	0	0	-1	0
k2+	1430	2	0	1	1
k2-	1430	2	0	-1	-1
k+	1460	0	0	1	1
k-	1460	0	0	-1	-1
k2+	1580	2	0	1	1
k2-	1580	2	0	-1	-1
k+	1630	1	0	1	1
k-	1630	1	0	-1	-1
k1+	1650	1	0	1	1
k1-	1650	1	0	-1	-1
k*+	1680	1	0	1	1
k*-	1680	1	0	-1	-1
k2+	1770	2	0	1	1
k2-	1770	2	0	-1	-1
k3+	1780	3	0	1	1
k3-	1780	3	0	-1	-1
k2+	1820	2	0	1	1
k2-	1820	2	0	-1	-1
k+	1830	1	0	1	1
k-	1830	1	0	-1	-1
k0*	1950	0	0	1	0
k0*-	1950	0	0	-1	0
k2+	1980	2	0	1	1
k2-	1980	2	0	-1	-1
k4+	2045	2	0	1	1
k4-	2045	2	0	-1	-1
k2+	2250	2	0	1	1
k2-	2250	2	0	-1	-1
k3+	2320	3	0	1	1
k3-	2320	3	0	-1	-1
k5+	2380	5	0	1	1
k5-	2380	5	0	-1	-1
k4+	2500	4	0	1	1
k4-	2500	4	0	-1	-1
p	938.27	0.5	1	0	1
antiP	938.27	0.5	-1	0	-1
N	939.56	0.5	1	0	0
antiN	939.56	0.5	-1	0	0
N+	1440	0.5	1	0	1
N0	1440	0.5	1	0	0
antiN+	1440	0.5	-1	0	-1
antiN0	1440	0.5	-1	0	0
N+	1520	1.5	1	0	1
N0	1520	1.5	1	0	0
antiN+	1520	1.5	-1	0	-1
antiN0	1520	1.5	-1	0	0
N+	1535	0.5	1	0	1
N0	1535	0.5	1	0	0
antiN+	1535	0.5	-1	0	-1
antiN0	1535	0.5	-1	0	0
N+	1650	0.5	1	0	1
N0	1650	0.5	1	0	0
antiN+	1650	0.5	-1	0	-1
antiN0	1650	0.5	-1	0	0
N+	1675	2.5	1	0	1
N0	1675	2.5	1	0	0
antiN+	1675	2.5	-1	0	-1
antiN0	1675	2.5	-1	0	0
N+	1680	2.5	1	0	1
N0	1680	2.5	1	0	0
antiN+	1680	2.5	-1	0	-1
antiN0	1680	2.5	-1	0	0
N+	1700	1.5	1	0	1
N0	1700	1.5	1	0	0
antiN+	1700	1.5	-1	0	-1
antiN0	1700	1.5	-1	0	0
N+	1710	0.5	1	0	1
N0	1710	0.5	1	0	0
antiN+	1710	0.5	-1	0	-1
antiN0	1710	0.5	-1	0	0
N+	1720	1.5	1	0	1
N0	1720	1.5	1	0	0
antiN+	1720	1.5	-1	0	-1
antiN0	1720	1.5	-1	0	0
N+	1860	2.5	1	0	1
N0	1860	2.5	1	0	0
antiN+	1860	2.5	-1	0	-1
antiN0	1860	2.5	-1	0	0
N+	1875	1.5	1	0	1
N0	1875	1.5	1	0	0
antiN+	1875	1.5	-1	0	-1
antiN0	1875	1.5	-1	0	0
N+	1880	0.5	1	0	1
N0	1880	0.5	1	0	0
antiN+	1880	0.5	-1	0	-1
antiN0	1880	0.5	-1	0	0
N+	1895	0.5	1	0	1
N0	1895	0.5	1	0	0
antiN+	1895	0.5	-1	0	-1
antiN0	1895	0.5	-1	0	0
N+	1900	1.5	1	0	1
N0	1900	1.5	1	0	0
antiN+	1900	1.5	-1	0	-1
antiN0	1900	1.5	-1	0	0
N+	1900	3.5	1	0	1
N0	1900	3.5	1	0	0
antiN+	1900	3.5	-1	0	-1
antiN0	1900	3.5	-1	0	0
N+	2000	2.5	1	0	1
N0	2000	2.5	1	0	0
antiN+	2000	2.5	-1	0	-1
antiN0	2000	2.5	-1	0	0
N+	2040	1.5	1	0	1
N0	2040	1.5	1	0	0
antiN+	2040	1.5	-1	0	-1
antiN0	2040	1.5	-1	0	0
N+	2060	2.5	1	0	1
N0	2060	2.5	1	0	0
antiN+	2060	2.5	-1	0	-1
antiN0	2060	2.5	-1	0	0
N+	2100	0.5	1	0	1
N0	2100	0.5	1	0	0
antiN+	2100	0.5	-1	0	-1
antiN0	2100	0.5	-1	0	0
N+	2120	1.5	1	0	1
N0	2120	1.5	1	0	0
antiN+	2120	1.5	-1	0	-1
antiN0	2120	1.5	-1	0	0
N+	2190	3.5	1	0	1
N0	2190	3.5	1	0	0
antiN+	2190	3.5	-1	0	-1
antiN0	2190	3.5	-1	0	0
N+	2220	4.5	1	0	1
N0	2220	4.5	1	0	0
antiN+	2220	4.5	-1	0	-1
antiN0	2220	4.5	-1	0	0
N+	2250	4.5	1	0	1
N0	2250	4.5	1	0	0
antiN+	2250	4.5	-1	0	-1
antiN0	2250	4.5	-1	0	0
N+	2300	0.5	1	0	1
N0	2300	0.5	1	0	0
antiN+	2300	0.5	-1	0	-1
antiN0	2300	0.5	-1	0	0
N+	2570	2.5	1	0	1
N0	2570	2.5	1	0	0
antiN+	2570	2.5	-1	0	-1
antiN0	2570	2.5	-1	0	0
N+	2600	5.5	1	0	-1
N0	2600	5.5	1	0	0
antiN+	2600	5.5	-1	0	-1
antiN0	2600	5.5	-1	0	0
N+	2700	6.5	1	0	1
N0	2700	6.5	1	0	0
antiN+	2700	6.5	-1	0	-1
antiN0	2700	6.5	-1	0	0
delta++	1232	1.5	1	0	2
delta+	1232	1.5	1	0	1
delta0	1232	1.5	1	0	0
delta-	1232	1.5	1	0	-1
Adelta++	1232	1.5	-1	0	-2
Adelta+	1232	1.5	-1	0	-1
Adelta0	1232	1.5	-1	0	0
Adelta-	1232	1.5	-1	0	1
delta++	1600	1.5	1	0	2
delta+	1600	1.5	1	0	1
delta0	1600	1.5	1	0	0
delta-	1600	1.5	1	0	-1
Adelta++	1600	1.5	-1	0	-2
Adelta+	1600	1.5	-1	0	-1
Adelta0	1600	1.5	-1	0	0
Adelta-	1600	1.5	-1	0	1
delta++	1620	0.5	1	0	2
delta+	1620	0.5	1	0	1
delta0	1620	0.5	1	0	0
delta-	1620	0.5	1	0	-1
Adelta++	1620	0.5	-1	0	-2
Adelta+	1620	0.5	-1	0	-1
Adelta0	1620	0.5	-1	0	0
Adelta-	1620	0.5	-1	0	1
delta++	1700	1.5	1	0	2
delta+	1700	1.5	1	0	1
delta0	1700	1.5	1	0	0
delta-	1700	1.5	1	0	-1
Adelta++	1700	1.5	-1	0	-2
Adelta+	1700	1.5	-1	0	-1
Adelta0	1700	1.5	-1	0	0
Adelta-	1700	1.5	-1	0	1
delta++	1900	0.5	1	0	2
delta+	1900	0.5	1	0	1
delta0	1900	0.5	1	0	0
delta-	1900	0.5	1	0	-1
Adelta++	1900	0.5	-1	0	-2
Adelta+	1900	0.5	-1	0	-1
Adelta0	1900	0.5	-1	0	0
Adelta-	1900	0.5	-1	0	1
delta++	1905	2.5	1	0	2
delta+	1905	2.5	1	0	1
delta0	1905	2.5	1	0	0
delta-	1905	2.5	1	0	-1
Adelta++	1905	2.5	-1	0	-2
Adelta+	1905	2.5	-1	0	-1
Adelta0	1905	2.5	-1	0	0
Adelta-	1905	2.5	-1	0	1
delta++	1910	0.5	1	0	2
delta+	1910	0.5	1	0	1
delta0	1910	0.5	1	0	0
delta-	1910	0.5	1	0	-1
Adelta++	1910	0.5	-1	0	-2
Adelta+	1910	0.5	-1	0	-1
Adelta0	1910	0.5	-1	0	0
Adelta-	1910	0.5	-1	0	1
delta++	1920	1.5	1	0	2
delta+	1920	1.5	1	0	1
delta0	1920	1.5	1	0	0
delta-	1920	1.5	1	0	-1
Adelta++	1920	1.5	-1	0	-2
Adelta+	1920	1.5	-1	0	-1
Adelta0	1920	1.5	-1	0	0
Adelta-	1920	1.5	-1	0	1
delta++	1930	2.5	1	0	2
delta+	1930	2.5	1	0	1
delta0	1930	2.5	1	0	0
delta-	1930	2.5	1	0	-1
Adelta++	1930	2.5	-1	0	-2
Adelta+	1930	2.5	-1	0	-1
Adelta0	1930	2.5	-1	0	0
Adelta-	1930	2.5	-1	0	1
delta++	1940	1.5	1	0	2
delta+	1940	1.5	1	0	1
delta0	1940	1.5	1	0	0
delta-	1940	1.5	1	0	-1
Adelta++	1940	1.5	-1	0	-2
Adelta+	1940	1.5	-1	0	-1
Adelta0	1940	1.5	-1	0	0
Adelta-	1940	1.5	-1	0	1
delta++	1950	3.5	1	0	2
delta+	1950	3.5	1	0	1
delta0	1950	3.5	1	0	0
delta-	1950	3.5	1	0	-1
Adelta++	1950	3.5	-1	0	-2
Adelta+	1950	3.5	-1	0	-1
Adelta0	1950	3.5	-1	0	0
Adelta-	1950	3.5	-1	0	1
delta++	2000	2.5	1	0	2
delta+	2000	2.5	1	0	1
delta0	2000	2.5	1	0	0
delta-	2000	2.5	1	0	-1
Adelta++	2000	2.5	-1	0	-2
Adelta+	2000	2.5	-1	0	-1
Adelta0	2000	2.5	-1	0	0
Adelta-	2000	2.5	-1	0	1
delta++	2150	0.5	1	0	2
delta+	2150	0.5	1	0	1
delta0	2150	0.5	1	0	0
delta-	2150	0.5	1	0	-1
Adelta++	2150	0.5	-1	0	-2
Adelta+	2150	0.5	-1	0	-1
Adelta0	2150	0.5	-1	0	0
Adelta-	2150	0.5	-1	0	1
delta++	2200	3.5	1	0	2
delta+	2200	3.5	1	0	1
delta0	2200	3.5	1	0	0
delta-	2200	3.5	1	0	-1
Adelta++	2200	3.5	-1	0	-2
Adelta+	2200	3.5	-1	0	-1
Adelta0	2200	3.5	-1	0	0
Adelta-	2200	3.5	-1	0	1
delta++	2300	4.5	1	0	2
delta+	2300	4.5	1	0	1
delta0	2300	4.5	1	0	0
delta-	2300	4.5	1	0	-1
Adelta++	2300	4.5	-1	0	-2
Adelta+	2300	4.5	-1	0	-1
Adelta0	2300	4.5	-1	0	0
Adelta-	2300	4.5	-1	0	1
delta++	2350	2.5	1	0	2
delta+	2350	2.5	1	0	1
delta0	2350	2.5	1	0	0
delta-	2350	2.5	1	0	-1
Adelta++	2350	2.5	-1	0	-2
Adelta+	2350	2.5	-1	0	-1
Adelta0	2350	2.5	-1	0	0
Adelta-	2350	2.5	-1	0	1
delta++	2390	3.5	1	0	2
delta+	2390	3.5	1	0	1
delta0	2390	3.5	1	0	0
delta-	2390	3.5	1	0	-1
Adelta++	2390	3.5	-1	0	-2
Adelta+	2390	3.5	-1	0	-1
Adelta0	2390	3.5	-1	0	0
Adelta-	2390	3.5	-1	0	1
delta++	2400	4.5	1	0	2
delta+	2400	4.5	1	0	1
delta0	2400	4.5	1	0	0
delta-	2400	4.5	1	0	-1
Adelta++	2400	4.5	-1	0	-2
Adelta+	2400	4.5	-1	0	-1
Adelta0	2400	4.5	-1	0	0
Adelta-	2400	4.5	-1	0	1
delta++	2420	5.5	1	0	2
delta+	2420	5.5	1	0	1
delta0	2420	5.5	1	0	0
delta-	2420	5.5	1	0	-1
Adelta++	2420	5.5	-1	0	-2
Adelta+	2420	5.5	-1	0	-1
Adelta0	2420	5.5	-1	0	0
Adelta-	2420	5.5	-1	0	1
delta++	2750	6.5	1	0	2
delta+	2750	6.5	1	0	1
delta0	2750	6.5	1	0	0
delta-	2750	6.5	1	0	-1
Adelta++	2750	6.5	-1	0	-2
Adelta+	2750	6.5	-1	0	-1
Adelta0	2750	6.5	-1	0	0
Adelta-	2750	6.5	-1	0	1
delta++	2950	7.5	1	0	2
delta+	2950	7.5	1	0	1
delta0	2950	7.5	1	0	0
delta-	2950	7.5	1	0	-1
Adelta++	2950	7.5	-1	0	-2
Adelta+	2950	7.5	-1	0	-1
Adelta0	2950	7.5	-1	0	0
Adelta-	2950	7.5	-1	0	1
lambda0	1115.68	0.5	1	-1	0
Alambda0	1115.68	0.5	-1	1	0
lambda0	1380	0.5	1	-1	0
Alambda0	1380	0.5	-1	1	0
lambda0	1405	0.5	1	-1	0
Alambda0	1405	0.5	-1	1	0
lambda0	1520	1.5	1	-1	0
Alambda0	1520	1.5	-1	1	0
lambda0	1600	0.5	1	-1	0
Alambda0	1600	0.5	-1	1	0
lambda0	1670	0.5	1	-1	0
Alambda0	1670	0.5	-1	1	0
lambda0	1690	1.5	1	-1	0
Alambda0	1690	1.5	-1	1	0
lambda0	1710	0.5	1	-1	0
Alambda0	1710	0.5	-1	1	0
lambda0	1800	1.5	1	-1	0
Alambda0	1800	1.5	-1	1	0
lambda0	1810	0.5	1	-1	0
Alambda0	1810	0.5	-1	1	0
lambda0	1820	4.5	1	-1	0
Alambda0	1820	4.5	-1	1	0
lambda0	1830	4.5	1	-1	0
Alambda0	1830	4.5	-1	1	0
lambda0	1890	1.5	1	-1	0
Alambda0	1890	1.5	-1	1	0
lambda0	2000	0.5	1	-1	0
Alambda0	2000	0.5	-1	1	0
lambda0	2050	1.5	1	-1	0
Alambda0	2050	1.5	-1	1	0
lambda0	2070	1.5	1	-1	0
Alambda0	2070	1.5	-1	1	0
lambda0	2080	4.5	1	-1	0
Alambda0	2080	4.5	-1	1	0
lambda0	2085	3.5	1	-1	0
Alambda0	2085	3.5	-1	1	0
lambda0	2100	3.5	1	-1	0
Alambda0	2100	3.5	-1	1	0
lambda0	2110	2.5	1	-1	0
Alambda0	2110	2.5	-1	1	0
lambda0	2325	1.5	1	-1	0
Alambda0	2325	1.5	-1	1	0
lambda0	2350	4.5	1	-1	0
Alambda0	2350	4.5	-1	1	0
sigma+	1189.37	0.5	1	-1	1
sigma0	1189.37	0.5	1	-1	0
sigma-	1189.37	0.5	1	-1	-1
Asigma+	1189.37	0.5	-1	1	-1
Asigma0	1189.37	0.5	-1	1	0
Asigma-	1189.37	0.5	-1	1	1
sigma+	1385	1.5	1	-1	1
sigma0	1385	1.5	1	-1	0
sigma-	1385	1.5	1	-1	-1
Asigma+	1385	1.5	-1	1	-1
Asigma0	1385	1.5	-1	1	0
Asigma-	1385	1.5	-1	1	1
sigma+	1580	1.5	1	-1	1
sigma0	1580	1.5	1	-1	0
sigma-	1580	1.5	1	-1	-1
Asigma+	1580	1.5	-1	1	-1
Asigma0	1580	1.5	-1	1	0
Asigma-	1580	1.5	-1	1	1
sigma+	1620	0.5	1	-1	1
sigma0	1620	0.5	1	-1	0
sigma-	1620	0.5	1	-1	-1
Asigma+	1620	0.5	-1	1	-1
Asigma0	1620	0.5	-1	1	0
Asigma-	1620	0.5	-1	1	1
sigma+	1660	0.5	1	-1	1
sigma0	1660	0.5	1	-1	0
sigma-	1660	0.5	1	-1	-1
Asigma+	1660	0.5	-1	1	-1
Asigma0	1660	0.5	-1	1	0
Asigma-	1660	0.5	-1	1	1
sigma+	1670	1.5	1	-1	1
sigma0	1670	1.5	1	-1	0
sigma-	1670	1.5	1	-1	-1
Asigma+	1670	1.5	-1	1	-1
Asigma0	1670	1.5	-1	1	0
Asigma-	1670	1.5	-1	1	1
sigma+	1750	0.5	1	-1	1
sigma0	1750	0.5	1	-1	0
sigma-	1750	0.5	1	-1	-1
Asigma+	1750	0.5	-1	1	-1
Asigma0	1750	0.5	-1	1	0
Asigma-	1750	0.5	-1	1	1
sigma+	1775	2.5	1	-1	1
sigma0	1775	2.5	1	-1	0
sigma-	1775	2.5	1	-1	-1
Asigma+	1775	2.5	-1	1	-1
Asigma0	1775	2.5	-1	1	0
Asigma-	1775	2.5	-1	1	1
sigma+	1780	1.5	1	-1	1
sigma0	1780	1.5	1	-1	0
sigma-	1780	1.5	1	-1	-1
Asigma+	1780	1.5	-1	1	-1
Asigma0	1780	1.5	-1	1	0
Asigma-	1780	1.5	-1	1	1
sigma+	1880	0.5	1	-1	1
sigma0	1880	0.5	1	-1	0
sigma-	1880	0.5	1	-1	-1
Asigma+	1880	0.5	-1	1	-1
Asigma0	1880	0.5	-1	1	0
Asigma-	1880	0.5	-1	1	1
sigma+	1900	0.5	1	-1	1
sigma0	1900	0.5	1	-1	0
sigma-	1900	0.5	1	-1	-1
Asigma+	1900	0.5	-1	1	-1
Asigma0	1900	0.5	-1	1	0
Asigma-	1900	0.5	-1	1	1
sigma+	1910	1.5	1	-1	1
sigma0	1910	1.5	1	-1	0
sigma-	1910	1.5	1	-1	-1
Asigma+	1910	1.5	-1	1	-1
Asigma0	1910	1.5	-1	1	0
Asigma-	1910	1.5	-1	1	1
sigma+	1915	2.5	1	-1	1
sigma0	1915	2.5	1	-1	0
sigma-	1915	2.5	1	-1	-1
Asigma+	1915	2.5	-1	1	-1
Asigma0	1915	2.5	-1	1	0
Asigma-	1915	2.5	-1	1	1
sigma+	1940	1.5	1	-1	1
sigma0	1940	1.5	1	-1	0
sigma-	1940	1.5	1	-1	-1
Asigma+	1940	1.5	-1	1	-1
Asigma0	1940	1.5	-1	1	0
Asigma-	1940	1.5	-1	1	1
sigma+	2010	1.5	1	-1	1
sigma0	2010	1.5	1	-1	0
sigma-	2010	1.5	1	-1	-1
Asigma+	2010	1.5	-1	1	-1
Asigma0	2010	1.5	-1	1	0
Asigma-	2010	1.5	-1	1	1
sigma+	2030	3.5	1	-1	1
sigma0	2030	3.5	1	-1	0
sigma-	2030	3.5	1	-1	-1
Asigma+	2030	3.5	-1	1	-1
Asigma0	2030	3.5	-1	1	0
Asigma-	2030	3.5	-1	1	1
sigma+	2070	4.5	1	-1	1
sigma0	2070	4.5	1	-1	0
sigma-	2070	4.5	1	-1	-1
Asigma+	2070	4.5	-1	1	-1
Asigma0	2070	4.5	-1	1	0
Asigma-	2070	4.5	-1	1	1
sigma+	2080	1.5	1	-1	1
sigma0	2080	1.5	1	-1	0
sigma-	2080	1.5	1	-1	-1
Asigma+	2080	1.5	-1	1	-1
Asigma0	2080	1.5	-1	1	0
Asigma-	2080	1.5	-1	1	1
sigma+	2100	3.5	1	-1	1
sigma0	2100	3.5	1	-1	0
sigma-	2100	3.5	1	-1	-1
Asigma+	2100	3.5	-1	1	-1
Asigma0	2100	3.5	-1	1	0
Asigma-	2100	3.5	-1	1	1
sigma+	2160	0.5	1	-1	1
sigma0	2160	0.5	1	-1	0
sigma-	2160	0.5	1	-1	-1
Asigma+	2160	0.5	-1	1	-1
Asigma0	2160	0.5	-1	1	0
Asigma-	2160	0.5	-1	1	1
sigma+	2230	1.5	1	-1	1
sigma0	2230	1.5	1	-1	0
sigma-	2230	1.5	1	-1	-1
Asigma+	2230	1.5	-1	1	-1
Asigma0	2230	1.5	-1	1	0
Asigma-	2230	1.5	-1	1	1
Xi0	1314.86	0.5	1	-2	0
Xi-	1314.86	0.5	1	-2	-1
Axi0	1314.86	0.5	-1	2	0
Axi-	1314.86	0.5	-1	2	1
Xi0	1530	1.5	1	-2	0
Xi-	1530	1.5	1	-2	-1
Axi0	1530	1.5	-1	2	0
Axi-	1530	1.5	-1	2	1
Xi0	1820	1.5	1	-2	0
Xi-	1820	1.5	1	-2	-1
Axi0	1820	1.5	-1	2	0
Axi-	1820	1.5	-1	2	1
Xi0	2030	2.5	1	-2	0
Xi-	2030	2.5	1	-2	-1
Axi0	2030	2.5	-1	2	0
Axi-	2030	2.5	-1	2	1
omega-	1672.45	1.5	1	-3	-1
Aomega-	1672.45	1.5	-1	3	1
